1 5973
0 205 0010110101010111110101101101110111111001000001000101110010
1 103 
0 102
1 205
0 103
1 102
0 102
1 103
0 102
1 103
0 102
1 512
0 102
1 103
0 102
1 205
0 103
1 205
0 102
1 307
0 102
1 615
0 205
1 102
0 512
1 102
0 308
1 102
0 103
1 307
0 204
1 103
0 102
1 5974
0 205 0010110101010111110101101101110111111001000001000101110010
1 102
0 102
1 205
0 103
1 102
0 102
1 102
0 103
1 102
0 103
1 512
0 103
1 102
0 102
1 205
0 102
1 205
0 102
1 308
0 102
1 614
0 205
1 103
0 511
1 103
0 307
1 103
0 101
1 308
0 204
1 103
0 103
1 6962
0 205
1 102
0 102
1 206
0 102
1 102
0 103
1 102
0 102
1 103
0 102
1 512
0 103
1 101
0 103
1 205
0 102
1 205
0 102
1 308
0 102
1 614
0 205
1 103
0 512
1 102
0 307
1 102
0 103
1 307
0 205
1 103
0 102
1 5973
0 205
1 103
0 102
1 205
0 102
1 103
0 102
1 102
0 103
1 102
0 103
1 511
0 103
1 102
0 103
1 205
0 102
1 205
0 102
1 307
0 103
1 614
0 205
1 103
0 512
1 102
0 307
1 103
0 102
1 307
0 205
1 102
0 103
1 5990
0 205
1 102
0 103
1 205
0 102
1 102
0 103
1 102
0 102
1 103
0 102
1 512
0 103
1 102
0 102
1 205
0 102
1 205
0 103
1 307
0 102
1 614
0 205
1 103
0 512
1 102
0 307
1 102
0 103
1 307
0 205
1 102
0 102
1 6964
0 204
1 102
0 103
1 205
0 102
1 103
0 102
1 103
0 102
1 102
0 102
1 513
0 102
1 103
0 102
1 204
0 103
1 205
0 102
1 308
0 102
1 614
0 205
1 102
0 512
1 103
0 307
1 102
0 103
1 307
0 205
1 102
0 103
1 5973
0 205
1 101
0 103
1 205
0 102
1 102
0 103
1 102
0 103
1 102
0 103
1 511
0 103
1 102
0 103
1 204
0 102
1 205
0 103
1 307
0 102
1 615
0 205
1 102
0 512
1 103
0 307
1 102
0 102
1 308
0 204
1 103
0 102
1 5974
0 204
1 103
0 102
1 205
0 103
1 102
0 102
1 102
0 103
1 102
0 103
1 512
0 102
1 103
0 102
1 205
0 103
1 204
0 102
1 307
0 103
1 614
0 205
1 102
0 513
1 102
0 307
1 103
0 102
1 307
0 205
1 102
0 103
1 6981
0 204
1 103
0 102
1 205
0 102
1 103
0 102
1 103
0 102
1 102
0 103
1 511
0 103
1 102
0 103
1 205
0 102
1 205
0 102
1 307
0 103
1 615
0 204
1 102
0 513
1 102
0 307
1 102
0 103
1 307
0 205
1 102
0 103
1 5974
0 205
1 102
0 103
1 204
0 103
1 102
0 102
1 102
0 103
1 103
0 102
1 512
0 102
1 103
0 102
1 205
0 103
1 205
0 102
1 307
0 103
1 614
0 205
1 102
0 512
1 103
0 307
1 102
0 103
1 307
0 205
1 102
0 102
1 5974
0 205
1 102
0 102
1 205
0 103
1 102
0 103
1 102
0 102
1 103
0 102
1 512
0 102
1 102
0 103
1 205
0 103
1 204
0 103
1 307
0 102
1 614
0 205
1 103
0 511
1 103
0 307
1 103
0 102
1 307
0 205
1 102
0 103
1 6963
0 205
1 102
0 103
1 204
0 103
1 102
0 103
1 102
0 102
1 103
0 102
1 512
0 102
1 103
0 102
1 205
0 103
1 204
0 102
1 308
0 102
1 614
0 205
1 102
0 512
1 103
0 307
1 102
0 103
1 307
0 204
1 103
0 102
1 5991
0 205
1 102
0 102
1 205
0 103
1 102
0 103
1 102
0 102
1 102
0 103
1 512
0 102
1 103
0 102
1 205
0 102
1 205
0 103
1 307
0 102
1 614
0 208
1 100
0 512
1 102
0 307
1 103
0 102
1 307
0 205
1 102
0 103
1 5973
0 205 0010110101010111110101101101110111111001000001000101110010
1 102
0 102
1 205
0 103
1 102
0 103
1 102
0 103
1 102
0 102
1 512
0 103
1 102
0 102
1 205
0 103
1 204
0 103
1 307
0 102
1 615
0 205
1 102
0 512
1 103
0 307
1 102
0 103
1 307
0 205
1 102
0 103
1 6963